0,358
0,247
0,357
0,245
0,356
0,244
45,4
45,3
45,2
0,355
0,242
45,1
45,0
0,354
0,241
0,353
0,240
0,352
0,239
0,351
0,237
0,350
0,236
44,3
44,2
0,349
0,235
44,1
44,0
0,348
0,234
0,347
0,233
0,346
0,232
0,345
0,230
0,344
0,229
43,3
43,2
0,343
0,228
43,1
43,0
0,342
0,227
0,341
0,226
0,340
0,225
0,339
0,223
0,338
0,222
42,3
42,2
0,337
0,221
42,1
42,0
0,336
0,220
0,335
0,219
0,334
0,218
0,333
0,217
41,6
41,5
41,4
41,3
41,2
0,332
0,216
41,1
41,0
14,7
14,6
14,2
14,0
0,331
0,215
0,330
0,214
40,5
40,4
40,3
40,2
0,329
0,213
40,1
40,0
0,328
0,212
0,327
0,211
39,5
39,4
39,3
39,2
0,326
0,210
39,1
39,0
0,325
0,324
0,209
0,323
0,207
0,322
0,206
38,10
38,9
38,8
38,7
38,6
38,5
38,4
38,3
38,2
0,321
0,205
38,1
38,0
37,5
37,4
37,3
37,2
37,1
37,0
36,3
36,2
0,299
36,1
36,0
14,5
14,1
14,4
35,4
35,3
35,2
35,1
35,0
34,3
34,2
0,320
0,319
0,2
34,1
34,0
33,5
33,4
33,3
33,2
33,1
33,0
32,3
32,2
32,1
32,0
0,52
0,314
0,318
0,282
0,280
0,279
31,3
31,2
0,277
31,1
31,0
0,274
0,311
30,8
30,7
30,6
30,5
30,4
30,3
30,2
0,310
30,1
30,0
0,202
0,309
29,6
29,5
29,4
29,3
29,2
0,307
29,1
29,0
0,305
0,303
28,3
28,2
0,301
28,1
28,0
0,300
0,298
0,297
27,4
27,3
27,2
0,296
27,1
27,0
0,295
0,294
26,5
26,4
26,3
26,2
0,293
26,1
26,0
0,292
0,291
0,273
0,270
25,3
25,2
0,290
25,1
25,0
0,289
0,288
24,7
24,6
24,5
24,4
24,3
24,2
0,287
24,1
24,0
0,286
14,3
0,285
13,3
0,272
0,271
23,7
